# z	ratio	Geff/GN	alpha_B
5.000000000000000278e-02 9.965243254171474163e-01 9.930607311481006727e-01 1.375969169025414718e-01
5.290581162324649311e-02 9.967110283278924898e-01 9.934328739904448868e-01 1.380181480739757494e-01
5.581162324649299039e-02 9.968953071222254048e-01 9.938002533623161439e-01 1.384342582072069505e-01
5.871743486973948073e-02 9.970771802303806108e-01 9.941629033361668588e-01 1.388452757559501261e-01
6.162324649298597801e-02 9.972566661424963064e-01 9.945208581656463931e-01 1.392512295905589947e-01
6.452905811623246835e-02 9.974337833970581269e-01 9.948741522617694510e-01 1.396521489693408058e-01
6.743486973947895868e-02 9.976085505698638611e-01 9.952228201701046606e-01 1.400480635109082883e-01
7.034068136272544902e-02 9.977809862635003135e-01 9.955668965489633537e-01 1.404390031675462891e-01
7.324649298597193936e-02 9.979511090973057774e-01 9.959064161485426947e-01 1.408249981995598199e-01
7.615230460921844358e-02 9.981189376978045757e-01 9.962414137909938461e-01 1.412060791505746482e-01
7.905811623246493391e-02 9.982844906895996795e-01 9.965719243513934122e-01 1.415822768237707530e-01
8.196392785571142425e-02 9.984477866866984241e-01 9.968979827395668680e-01 1.419536222590067343e-01
8.486973947895791459e-02 9.986088442842622204e-01 9.972196238827498727e-01 1.423201467108203833e-01
8.777555110220441881e-02 9.987676820507646047e-01 9.975368827090572710e-01 1.426818816272819035e-01
9.068136272545090915e-02 9.989243185205356479e-01 9.978497941317165942e-01 1.430388586296529041e-01
9.358717434869739948e-02 9.990787721866890569e-01 9.981583930340621746e-01 1.433911094928599361e-01
9.649298597194388982e-02 9.992310614944073244e-01 9.984627142552400247e-01 1.437386661267268384e-01
9.939879759519038016e-02 9.993812048345794841e-01 9.987627925766157100e-01 1.440815605579697234e-01
1.023046092184368705e-01 9.995292205377704908e-01 9.990586627088430260e-01 1.444198249128927358e-01
1.052104208416833608e-01 9.996751268685160063e-01 9.993503592795835999e-01 1.447534914008132279e-01
1.081162324649298651e-01 9.998189420199287136e-01 9.996379168218495481e-01 1.450825922981555383e-01
1.110220440881763554e-01 9.999606840777792716e-01 9.999213697013002999e-01 1.454071598626039130e-01
1.139278557114228457e-01 1.000100370376038939e+00 1.000200750826290230e+00 1.457272248521710445e-01
1.168336673346693361e-01 1.000238018635203119e+00 1.000476093923276855e+00 1.460428191275224552e-01
1.197394789579158264e-01 1.000373648225810319e+00 1.000747436064617357e+00 1.463539785515032832e-01
1.226452905811623306e-01 1.000507277106478465e+00 1.001014811543019745e+00 1.466607359665844657e-01
1.255511022044088210e-01 1.000638922944861786e+00 1.001278254112253130e+00 1.469631237574964555e-01
1.284569138276553113e-01 1.000768603424066816e+00 1.001537797599357127e+00 1.472611745507517444e-01
1.313627254509018016e-01 1.000896336232046435e+00 1.001793475882733819e+00 1.475549211874703781e-01
1.342685370741482920e-01 1.001022139051686466e+00 1.002045322871613964e+00 1.478443966976956681e-01
1.371743486973948101e-01 1.001146029551395200e+00 1.002293372486523060e+00 1.481296342758200435e-01
1.400801603206413004e-01 1.001268025376233384e+00 1.002537658640821450e+00 1.484106672571802454e-01
1.429859719438877907e-01 1.001388144139484737e+00 1.002778215223121494e+00 1.486875290956159168e-01
1.458917835671342811e-01 1.001506403414725188e+00 1.003015076080698176e+00 1.489602533421321706e-01
1.487975951903807714e-01 1.001622820728300667e+00 1.003248275003717493e+00 1.492288736244640757e-01
1.517034068136272618e-01 1.001737413552258316e+00 1.003477845710368133e+00 1.494934236276561357e-01
1.546092184368737521e-01 1.001850199297649180e+00 1.003703821832739429e+00 1.497539370754716048e-01
1.575150300601202424e-01 1.001961195308249675e+00 1.003926236903536440e+00 1.500104477127484626e-01
1.604208416833667328e-01 1.002070418854627665e+00 1.004145124343488904e+00 1.502629892885372909e-01
1.633266533066132231e-01 1.002177887128576250e+00 1.004360517449497392e+00 1.505115955400777583e-01
1.662324649298597135e-01 1.002283617237884839e+00 1.004572449383458910e+00 1.507563001775507339e-01
1.691382765531062038e-01 1.002387626201420634e+00 1.004780953161718893e+00 1.509971368695469107e-01
1.720440881763526941e-01 1.002489930944539864e+00 1.004986061645188222e+00 1.512341392293017617e-01
1.749498997995991845e-01 1.002590548294781003e+00 1.005187807530029565e+00 1.514673408015919931e-01
1.778557114228456748e-01 1.002689494977837992e+00 1.005386223338911700e+00 1.516967750502873913e-01
1.807615230460921651e-01 1.002786787613813013e+00 1.005581341412830509e+00 1.519224753465688582e-01
1.836673346693386555e-01 1.002882442713716848e+00 1.005773193903431562e+00 1.521444749577328948e-01
1.865731462925851458e-01 1.002976476675385697e+00 1.005961812764170515e+00 1.523628070346625396e-01
1.894789579158316362e-01 1.003068905975446956e+00 1.006147230134780024e+00 1.525775050547991396e-01
1.923847695390781820e-01 1.003159746927421825e+00 1.006329477855488985e+00 1.527886022578441583e-01
1.952905811623246723e-01 1.003249015561167967e+00 1.006508587224452578e+00 1.529961313622202335e-01
1.981963927855711627e-01 1.003336728397524080e+00 1.006684590551446989e+00 1.532001263633133437e-01
2.011022044088176530e-01 1.003422901425778946e+00 1.006857519105728516e+00 1.534006201538573311e-01
2.040080160320641434e-01 1.003507550520875036e+00 1.007027403952406530e+00 1.535976454903835164e-01
2.069138276553106337e-01 1.003590691513018607e+00 1.007194276091578855e+00 1.537912351525265453e-01
2.098196392785571240e-01 1.003672340181185341e+00 1.007358166444777048e+00 1.539814219254279359e-01
2.127254509018036144e-01 1.003752512246994133e+00 1.007519105842152207e+00 1.541682385829885593e-01
2.156312625250501047e-01 1.003831223368944370e+00 1.007677125010391528e+00 1.543517178719667204e-01
2.185370741482965951e-01 1.003908489136986049e+00 1.007832254561306096e+00 1.545318924968499541e-01
2.214428857715430854e-01 1.003984325067422745e+00 1.007984524981088370e+00 1.547087951055066968e-01
2.243486973947895757e-01 1.004058746598119667e+00 1.008133966620187172e+00 1.548824582755563006e-01
2.272545090180360661e-01 1.004131769084013470e+00 1.008280609683790630e+00 1.550529145014513110e-01
2.301603206412825564e-01 1.004203407792902514e+00 1.008424484222878448e+00 1.552201961822266552e-01
2.330661322645290467e-01 1.004273677901510897e+00 1.008565620125827733e+00 1.553843356099070816e-01
2.359719438877755371e-01 1.004342594491810958e+00 1.008704047110542179e+00 1.555453649585265552e-01
2.388777555110220274e-01 1.004410172547592461e+00 1.008839794717084404e+00 1.557033162737539445e-01
2.417835671342685178e-01 1.004476426951270041e+00 1.008972892300790125e+00 1.558582214630863938e-01
2.446893787575150081e-01 1.004541372480913131e+00 1.009103369025836638e+00 1.560101122865921730e-01
2.475951903807614984e-01 1.004605023807495501e+00 1.009231253859258493e+00 1.561590203481908190e-01
2.505010020040079888e-01 1.004667395492350845e+00 1.009356575565383718e+00 1.563049770874385402e-01
2.534068136272545346e-01 1.004728501984815336e+00 1.009479362700651084e+00 1.564480137717803865e-01
2.563126252505010250e-01 1.004788357620069794e+00 1.009599643608837249e+00 1.565881614892985496e-01
2.592184368737475153e-01 1.004846976617150389e+00 1.009717446416628084e+00 1.567254511418831597e-01
2.621242484969940056e-01 1.004904373077137647e+00 1.009832799029555028e+00 1.568599134388505012e-01
2.650300601202404960e-01 1.004960560981499329e+00 1.009945729128249869e+00 1.569915788909569121e-01
2.679358717434869863e-01 1.005015554190591853e+00 1.010056264165022366e+00 1.571204778048115869e-01
2.708416833667334767e-01 1.005069366442155721e+00 1.010164431360436321e+00 1.572466402773088356e-01
2.737474949899799670e-01 1.005122011419211869e+00 1.010270257839402275e+00 1.573700963528648911e-01
2.766533066132264573e-01 1.005173503514241951e+00 1.010373772167095785e+00 1.574908778143342958e-01
2.795591182364729477e-01 1.005223856289286566e+00 1.010475001253104299e+00 1.576090145700280998e-01
2.824649298597194380e-01 1.005273082870888901e+00 1.010573971144741012e+00 1.577245355767533941e-01
2.853707414829659283e-01 1.005321196393379024e+00 1.010670707917814992e+00 1.578374698777334773e-01
2.882765531062124187e-01 1.005368210063771306e+00 1.010765237806831474e+00 1.579478467535103126e-01
2.911823647294589090e-01 1.005414137013701081e+00 1.010857586907005334e+00 1.580556953729168324e-01
2.940881763527053994e-01 1.005458990295684529e+00 1.010947781166417370e+00 1.581610447826317101e-01
2.969939879759518897e-01 1.005502782880160373e+00 1.011035846379746861e+00 1.582639238985877606e-01
2.998997995991983800e-01 1.005545527652746740e+00 1.011121808182440907e+00 1.583643614979059477e-01
3.028056112224448704e-01 1.005587237411668333e+00 1.011205692045231030e+00 1.584623862112498616e-01
3.057114228456913607e-01 1.005627924865376333e+00 1.011287523269043032e+00 1.585580265156537327e-01
3.086172344689378511e-01 1.005667602630327062e+00 1.011367326980229464e+00 1.586513107277502665e-01
3.115230460921843414e-01 1.005706283228929632e+00 1.011445128126148063e+00 1.587422669974101752e-01
3.144288577154308317e-01 1.005743979087649009e+00 1.011520951471057472e+00 1.588309233017815292e-01
3.173346693386773221e-01 1.005780702535251203e+00 1.011594821592303406e+00 1.589173074396785790e-01
3.202404809619238124e-01 1.005816465801199877e+00 1.011666762876816339e+00 1.590014470263566293e-01
3.231462925851703027e-01 1.005851281014177978e+00 1.011736799517862773e+00 1.590833694886037708e-01
3.260521042084167931e-01 1.005885160200747031e+00 1.011804955512082493e+00 1.591631020601823876e-01
3.289579158316632834e-01 1.005918115284121894e+00 1.011871254656759866e+00 1.592406717775689262e-01
3.318637274549098293e-01 1.005950158083072310e+00 1.011935720547358253e+00 1.593161054760167672e-01
3.347695390781563196e-01 1.005981300310923254e+00 1.011998376575256042e+00 1.593894297858771958e-01
3.376753507014028099e-01 1.006011553574675199e+00 1.012059245925731599e+00 1.594606711292313739e-01
3.405811623246493003e-01 1.006040929374218962e+00 1.012118351576142272e+00 1.595298557167686149e-01
3.434869739478957906e-01 1.006069439101646479e+00 1.012175716294301475e+00 1.595970095449160409e-01
3.463927855711422810e-01 1.006097094040659945e+00 1.012231362637060483e+00 1.596621583932316679e-01
3.492985971943887713e-01 1.006123905366060667e+00 1.012285312949053884e+00 1.597253278220028549e-01
3.522044088176352616e-01 1.006149884143329620e+00 1.012337589361635537e+00 1.597865431700928873e-01
3.551102204408817520e-01 1.006175041328281727e+00 1.012388213791969527e+00 1.598458295529867623e-01
3.580160320641282423e-01 1.006199387766796072e+00 1.012437207942275208e+00 1.599032118610379805e-01
3.609218436873747327e-01 1.006222934194624719e+00 1.012484593299240121e+00 1.599587147579293323e-01
3.638276553106212230e-01 1.006245691237257933e+00 1.012530391133547036e+00 1.600123626792916975e-01
3.667334669338677133e-01 1.006267669409854459e+00 1.012574622499540222e+00 1.600641798314983988e-01
3.696392785571142037e-01 1.006288879117523516e+00 1.012617308235601810e+00 1.601141901913185339e-01
3.725450901803606940e-01 1.006309330961920878e+00 1.012658469581028786e+00 1.601624182279510755e-01
3.754509018036071843e-01 1.006329036223419626e+00 1.012698129146356596e+00 1.602088900395674809e-01
3.783567134268536747e-01 1.006348004755472259e+00 1.012736306675320108e+00 1.602536283866768108e-01
3.812625250501001650e-01 1.006366246107282869e+00 1.012773021304064214e+00 1.602966553380370252e-01
3.841683366733466554e-01 1.006383770286712220e+00 1.012808293096497891e+00 1.603379940693246963e-01
3.870741482965931457e-01 1.006400587227350041e+00 1.012842141971554977e+00 1.603776676055148065e-01
3.899799599198396360e-01 1.006416706776845915e+00 1.012874587679551741e+00 1.604156987925192679e-01
3.928857715430861819e-01 1.006432138696232048e+00 1.012905649800671659e+00 1.604521102947683853e-01
3.957915831663326722e-01 1.006446892659309311e+00 1.012935347743579184e+00 1.604869245929594623e-01
3.986973947895791626e-01 1.006460978252111893e+00 1.012963700744198059e+00 1.605201639820093840e-01
4.016032064128256529e-01 1.006474404972437897e+00 1.012990727864622853e+00 1.605518505691822251e-01
4.045090180360721432e-01 1.006487182229445443e+00 1.013016447992168834e+00 1.605820062723883335e-01
4.074148296593186336e-01 1.006499319343316490e+00 1.013040879838559283e+00 1.606106528186639071e-01
4.103206412825651239e-01 1.006510825544975729e+00 1.013064041939228499e+00 1.606378117427944840e-01
4.132264529058116143e-01 1.006521709975869650e+00 1.013085952652748700e+00 1.606635043861045498e-01
4.161322645290581046e-01 1.006531981687801558e+00 1.013106630160372834e+00 1.606877518953885864e-01
4.190380761523045949e-01 1.006541649642814784e+00 1.013126092465678862e+00 1.607105752219825101e-01
4.219438877755510853e-01 1.006550722713128732e+00 1.013144357394321737e+00 1.607319951209696396e-01
4.248496993987975756e-01 1.006559209681120670e+00 1.013161442593882189e+00 1.607520321505146732e-01
4.277555110220440659e-01 1.006567119239353714e+00 1.013177365533811214e+00 1.607707066713251753e-01
4.306613226452905563e-01 1.006574459990642101e+00 1.013192143505452725e+00 1.607880388462137322e-01
4.335671342685370466e-01 1.006581240448165104e+00 1.013205793622166784e+00 1.608040486397948332e-01
4.364729458917835370e-01 1.006587469035611360e+00 1.013218332819517897e+00 1.608187558182668786e-01
4.393787575150300273e-01 1.006593154087367159e+00 1.013229777855554126e+00 1.608321799493159510e-01
4.422845691382765176e-01 1.006598303848730502e+00 1.013240145311141260e+00 1.608443404020939160e-01
4.451903807615230080e-01 1.006602926476166671e+00 1.013249451590382932e+00 1.608552563473113484e-01
4.480961923847694983e-01 1.006607030037589778e+00 1.013257712921097120e+00 1.608649467574060909e-01
4.510020040080159887e-01 1.006610622512669639e+00 1.013264945355344393e+00 1.608734304067853671e-01
4.539078156312625345e-01 1.006613711793176158e+00 1.013271164770035426e+00 1.608807258721733913e-01
4.568136272545090248e-01 1.006616305683341484e+00 1.013276386867578482e+00 1.608868515330119375e-01
4.597194388777555152e-01 1.006618411900254362e+00 1.013280627176590176e+00 1.608918255719529178e-01
4.626252505010020055e-01 1.006620038074269807e+00 1.013283901052644431e+00 1.608956659753989216e-01
4.655310621242484959e-01 1.006621191749438537e+00 1.013286223679059850e+00 1.608983905341075382e-01
4.684368737474949862e-01 1.006621880383971934e+00 1.013287610067763467e+00 1.609000168438863287e-01
4.713426853707414765e-01 1.006622111350717663e+00 1.013288075060176707e+00 1.609005623063306800e-01
4.742484969939879669e-01 1.006621891937642843e+00 1.013287633328119552e+00 1.609000441295907746e-01
4.771543086172344572e-01 1.006621229348343860e+00 1.013286299374771104e+00 1.608984793292120019e-01
4.800601202404809476e-01 1.006620130702550187e+00 1.013284087535619271e+00 1.608958847289750638e-01
4.829659318637274379e-01 1.006618603154181280e+00 1.013281012216075139e+00 1.608922772393608369e-01
4.858717434869739282e-01 1.006616654366028429e+00 1.013277088847056362e+00 1.608876749782152671e-01
4.887775551102204186e-01 1.006614290697166902e+00 1.013272330235760466e+00 1.608820929898058250e-01
4.916833667334669089e-01 1.006611518955323969e+00 1.013266750093544610e+00 1.608755473829488747e-01
4.945891783567133992e-01 1.006608345924697057e+00 1.013260362085254496e+00 1.608680542155854487e-01
4.974949899799598896e-01 1.006604778313555215e+00 1.013253179723681674e+00 1.608596293707501845e-01
5.004008016032064354e-01 1.006600822754866176e+00 1.013245216370773472e+00 1.608502885577708374e-01
5.033066132264528703e-01 1.006596485806759533e+00 1.013236485238517837e+00 1.608400473130941200e-01
5.062124248496994161e-01 1.006591773953021240e+00 1.013226999389890137e+00 1.608289210011926984e-01
5.091182364729458509e-01 1.006586693603551019e+00 1.013216771739729127e+00 1.608169248153945297e-01
5.120240480961923968e-01 1.006581251094886831e+00 1.013205815055747694e+00 1.608040737788793972e-01
5.149298597194389426e-01 1.006575452690696704e+00 1.013194141959480987e+00 1.607903827456069745e-01
5.178356713426853775e-01 1.006569304582297875e+00 1.013181764927290729e+00 1.607758664013188565e-01
5.207414829659319233e-01 1.006562812889193914e+00 1.013168696291406379e+00 1.607605392645889697e-01
5.236472945891783581e-01 1.006555983659585873e+00 1.013154948240916564e+00 1.607444156878228281e-01
5.265531062124249040e-01 1.006548822870944049e+00 1.013140532822883078e+00 1.607275098584073081e-01
5.294589178356713388e-01 1.006541336430522904e+00 1.013125461943343186e+00 1.607098357997335247e-01
5.323647294589178847e-01 1.006533530175948377e+00 1.013109747368456715e+00 1.606914073723968162e-01
5.352705410821643195e-01 1.006525409875742350e+00 1.013093400725531223e+00 1.606722382752594769e-01
5.381763527054108653e-01 1.006516981229927721e+00 1.013076433504206619e+00 1.606523420467058372e-01
5.410821643286573002e-01 1.006508249870554428e+00 1.013058857057486328e+00 1.606317320657215386e-01
5.439879759519038460e-01 1.006499221362316510e+00 1.013040682602949438e+00 1.606104215531917179e-01
5.468937875751502808e-01 1.006489901203087678e+00 1.013021921223801192e+00 1.605884235730151433e-01
5.497995991983968267e-01 1.006480294824539934e+00 1.013002583870092899e+00 1.605657510334190519e-01
5.527054108216433725e-01 1.006470407592694016e+00 1.012982681359803516e+00 1.605424166881213588e-01
5.556112224448898074e-01 1.006460244808526694e+00 1.012962224380039578e+00 1.605184331376311446e-01
5.585170340681363532e-01 1.006449811708551856e+00 1.012941223488179388e+00 1.604938128304924938e-01
5.614228456913827880e-01 1.006439113465398050e+00 1.012919689113016330e+00 1.604685680645281942e-01
5.643286573146293339e-01 1.006428155188425322e+00 1.012897631555977229e+00 1.604427109881788605e-01
5.672344689378757687e-01 1.006416941924280328e+00 1.012875060992220133e+00 1.604162536017031127e-01
5.701402805611223146e-01 1.006405478657520058e+00 1.012851987471871995e+00 1.603892077585454268e-01
5.730460921843687494e-01 1.006393770311188707e+00 1.012828420921169759e+00 1.603615851665956549e-01
5.759519038076152952e-01 1.006381821747400540e+00 1.012804371143616766e+00 1.603333973894702780e-01
5.788577154308617301e-01 1.006369637767958292e+00 1.012779847821211554e+00 1.603046558478809780e-01
5.817635270541082759e-01 1.006357223114913824e+00 1.012754860515560518e+00 1.602753718208723144e-01
5.846693386773547108e-01 1.006344582471172533e+00 1.012729418669078507e+00 1.602455564471644556e-01
5.875751503006012566e-01 1.006331720461093537e+00 1.012703531606184537e+00 1.602152207264933848e-01
5.904809619238476914e-01 1.006318641651049450e+00 1.012677208534413342e+00 1.601843755208578191e-01
5.933867735470942373e-01 1.006305350550032340e+00 1.012650458545623522e+00 1.601530315558807316e-01
5.962925851703406721e-01 1.006291851610244592e+00 1.012623290617174598e+00 1.601211994221355961e-01
5.991983967935872180e-01 1.006278149227660679e+00 1.012595713613046122e+00 1.600888895764129016e-01
6.021042084168336528e-01 1.006264247742649554e+00 1.012567736285080455e+00 1.600561123431289146e-01
6.050100200400801986e-01 1.006250151437482643e+00 1.012539367267956791e+00 1.600228779083960606e-01
6.079158316633266335e-01 1.006235864462798224e+00 1.012510614931194874e+00 1.599891961466223811e-01
6.108216432865731793e-01 1.006221390989108455e+00 1.012481487684056214e+00 1.599550769776652837e-01
6.137274549098197252e-01 1.006206735155654952e+00 1.012451993872602429e+00 1.599205302461815248e-01
6.166332665330661600e-01 1.006191901044800385e+00 1.012422141728149372e+00 1.598855656612080123e-01
6.195390781563127058e-01 1.006176892682657753e+00 1.012391939368528559e+00 1.598501927976115344e-01
6.224448897795591407e-01 1.006161714039818467e+00 1.012361394799545344e+00 1.598144210977722468e-01
6.253507014028056865e-01 1.006146369032092203e+00 1.012330515916463058e+00 1.597782598732978843e-01
6.282565130260521213e-01 1.006130861521235653e+00 1.012299310505463845e+00 1.597417183067153801e-01
6.311623246492986672e-01 1.006115195315656408e+00 1.012267786245061529e+00 1.597048054531064187e-01
6.340681362725451020e-01 1.006099374171129712e+00 1.012235950707538912e+00 1.596675302417714382e-01
6.369739478957916479e-01 1.006083401791494580e+00 1.012203811360345984e+00 1.596299014778542746e-01
6.398797595190380827e-01 1.006067281829354343e+00 1.012171375567505471e+00 1.595919278439732747e-01
6.427855711422846285e-01 1.006051017886751220e+00 1.012138650590968192e+00 1.595536179017968681e-01
6.456913827655310634e-01 1.006034613515838894e+00 1.012105643591963311e+00 1.595149800936149220e-01
6.485971943887776092e-01 1.006018072219546200e+00 1.012072361632332163e+00 1.594760227438902778e-01
6.515030060120240440e-01 1.006001397452239265e+00 1.012038811675858296e+00 1.594367540608112310e-01
6.544088176352705899e-01 1.005984592620366991e+00 1.012005000589565773e+00 1.593971821378029896e-01
6.573146292585170247e-01 1.005967661083102094e+00 1.011970935145007022e+00 1.593573149550338020e-01
6.602204408817635706e-01 1.005950606152973936e+00 1.011936622019535603e+00 1.593171603808995473e-01
6.631262525050100054e-01 1.005933431096488029e+00 1.011902067797552762e+00 1.592767261734825412e-01
6.660320641282565512e-01 1.005916139134742204e+00 1.011867278971745998e+00 1.592360199819998490e-01
6.689378757515029861e-01 1.005898733444035020e+00 1.011832261944313860e+00 1.591950493482383322e-01
6.718436873747495319e-01 1.005881217156467500e+00 1.011797023028176534e+00 1.591538217079723760e-01
6.747494989979960778e-01 1.005863593360530883e+00 1.011761568448159343e+00 1.591123443923523340e-01
6.776553106212425126e-01 1.005845865101696157e+00 1.011725904342179572e+00 1.590706246292960535e-01
6.805611222444890585e-01 1.005828035382984265e+00 1.011690036762393774e+00 1.590286695448385745e-01
6.834669338677354933e-01 1.005810107165540312e+00 1.011653971676355734e+00 1.589864861644894045e-01
6.863727454909820391e-01 1.005792083369191792e+00 1.011617714968139348e+00 1.589440814145556546e-01
6.892785571142284740e-01 1.005773966873002356e+00 1.011581272439455281e+00 1.589014621234543512e-01
6.921843687374750198e-01 1.005755760515820274e+00 1.011544649810756091e+00 1.588586350230147271e-01
6.950901803607214546e-01 1.005737467096817106e+00 1.011507852722321354e+00 1.588156067497536739e-01
6.979959919839680005e-01 1.005719089376018616e+00 1.011470886735328145e+00 1.587723838461425618e-01
7.009018036072144353e-01 1.005700630074833235e+00 1.011433757332916628e+00 1.587289727618588497e-01
7.038076152304609812e-01 1.005682091876566764e+00 1.011396469921227226e+00 1.586853798550136307e-01
7.067134268537074160e-01 1.005663477426935293e+00 1.011359029830436018e+00 1.586416113933728778e-01
7.096192384769539618e-01 1.005644789334570577e+00 1.011321442315772812e+00 1.585976735555594264e-01
7.125250501002003967e-01 1.005626030171516971e+00 1.011283712558524783e+00 1.585535724322415241e-01
7.154308617234469425e-01 1.005607202473722372e+00 1.011245845667026133e+00 1.585093140273007850e-01
7.183366733466933773e-01 1.005588308741522052e+00 1.011207846677634636e+00 1.584649042589905132e-01
7.212424849699399232e-01 1.005569351440118497e+00 1.011169720555700646e+00 1.584203489610801485e-01
7.241482965931863580e-01 1.005550333000053698e+00 1.011131472196518777e+00 1.583756538839848904e-01
7.270541082164329039e-01 1.005531255817669667e+00 1.011093106426259824e+00 1.583308246958685384e-01
7.299599198396793387e-01 1.005512122255573626e+00 1.011054628002907574e+00 1.582858669837541032e-01
7.328657314629258845e-01 1.005492934643082092e+00 1.011016041617157413e+00 1.582407862545920918e-01
7.357715430861724304e-01 1.005473695276558388e+00 1.010977351893097342e+00 1.581955879360696371e-01
7.386773547094188652e-01 1.005454406397042977e+00 1.010938563343229957e+00 1.581502773240916482e-01
7.415831663326654111e-01 1.005435070011795107e+00 1.010899680009623269e+00 1.581048591636713685e-01
7.444889779559118459e-01 1.005415688341386282e+00 1.010860706362983530e+00 1.580593386991774874e-01
7.473947895791583917e-01 1.005396263553975711e+00 1.010821646768295334e+00 1.580137210500946743e-01
7.503006012024048266e-01 1.005376797779471421e+00 1.010782505513304175e+00 1.579680112443215545e-01
7.532064128256513724e-01 1.005357293111802663e+00 1.010743286813091002e+00 1.579222142235343074e-01
7.561122244488978072e-01 1.005337751609700181e+00 1.010703994811647188e+00 1.578763348450513693e-01
7.590180360721443531e-01 1.005318175297312377e+00 1.010664633583117755e+00 1.578303778833057003e-01
7.619238476953907879e-01 1.005298566164793517e+00 1.010625207132989756e+00 1.577843480312583480e-01
7.648296593186373338e-01 1.005278926168875042e+00 1.010585719399246463e+00 1.577382499017651041e-01
7.677354709418837686e-01 1.005259257233433567e+00 1.010546174253514451e+00 1.576920880289421345e-01
7.706412825651303145e-01 1.005239561250040436e+00 1.010506575502173821e+00 1.576458668694820098e-01
7.735470941883767493e-01 1.005219840078506399e+00 1.010466926887457983e+00 1.575995908039621585e-01
7.764529058116232951e-01 1.005200095547415629e+00 1.010427232088533467e+00 1.575532641381268695e-01
7.793587174348697300e-01 1.005180329454651300e+00 1.010387494722561286e+00 1.575068911041498376e-01
7.822645290581162758e-01 1.005160543567910736e+00 1.010347718345737666e+00 1.574604758618705913e-01
7.851703406813627106e-01 1.005140739625211665e+00 1.010307906454317450e+00 1.574140225000102977e-01
7.880761523046092565e-01 1.005120919335386054e+00 1.010268062485611740e+00 1.573675350373612558e-01
7.909819639278556913e-01 1.005101084378568821e+00 1.010228189818974887e+00 1.573210174239572656e-01
7.938877755511022372e-01 1.005081236406668577e+00 1.010188291776757508e+00 1.572744735422113016e-01
7.967935871743487830e-01 1.005061377043848125e+00 1.010148371625276154e+00 1.572279072080648987e-01
7.996993987975952178e-01 1.005041507886982766e+00 1.010108432575740123e+00 1.571813221720953779e-01
8.026052104208417637e-01 1.005021630506115704e+00 1.010068477785171392e+00 1.571347221206072786e-01
8.055110220440881985e-01 1.005001746444904809e+00 1.010028510357308784e+00 1.570881106767116620e-01
8.084168336673347444e-01 1.004981857221046493e+00 1.009988533343463946e+00 1.570414914013434360e-01
8.113226452905811792e-01 1.004961964326714918e+00 1.009948549743409529e+00 1.569948677943196480e-01
8.142284569138277250e-01 1.004942069228984325e+00 1.009908562506232732e+00 1.569482432953563378e-01
8.171342685370741599e-01 1.004922173370249583e+00 1.009868574531185947e+00 1.569016212850807002e-01
8.200400801603207057e-01 1.004902278168624985e+00 1.009828588668492566e+00 1.568550050859924549e-01
8.229458917835671405e-01 1.004882385018334601e+00 1.009788607720136566e+00 1.568083979634041780e-01
8.258517034068136864e-01 1.004862495290117952e+00 1.009748634440682302e+00 1.567618031264179090e-01
8.287575150300601212e-01 1.004842610331617703e+00 1.009708671538059210e+00 1.567152237288602368e-01
8.316633266533066671e-01 1.004822731467759800e+00 1.009668721674329639e+00 1.566686628701984829e-01
8.345691382765531019e-01 1.004802860001107412e+00 1.009628787466405164e+00 1.566221235963927427e-01
8.374749498997996477e-01 1.004782997212237738e+00 1.009588871486807760e+00 1.565756089008064622e-01
8.403807615230460826e-01 1.004763144360110161e+00 1.009548976264415643e+00 1.565291217250917855e-01
8.432865731462926284e-01 1.004743302682418182e+00 1.009509104285173375e+00 1.564826649600392638e-01
8.461923847695390632e-01 1.004723473395913169e+00 1.009469257992748226e+00 1.564362414463602302e-01
8.490981963927856091e-01 1.004703657696761843e+00 1.009429439789252037e+00 1.563898539755464445e-01
8.520040080160320439e-01 1.004683856760895333e+00 1.009389652035947327e+00 1.563435052907128642e-01
8.549098196392785898e-01 1.004664071744317377e+00 1.009349897053870793e+00 1.562971980873422428e-01
8.578156312625251356e-01 1.004644303783420511e+00 1.009310177124473684e+00 1.562509350140484921e-01
8.607214428857715705e-01 1.004624553995326464e+00 1.009270494490308590e+00 1.562047186733959980e-01
8.636272545090181163e-01 1.004604823478199238e+00 1.009230851355663816e+00 1.561585516226556836e-01
8.665330661322645511e-01 1.004585113311518230e+00 1.009191249887115838e+00 1.561124363744669785e-01
8.694388777555110970e-01 1.004565424556407738e+00 1.009151692214195650e+00 1.560663753976296309e-01
8.723446893787575318e-01 1.004545758255946275e+00 1.009112180430014050e+00 1.560203711178516917e-01
8.752505010020040777e-01 1.004526115435420364e+00 1.009072716591775443e+00 1.559744259183626913e-01
8.781563126252505125e-01 1.004506497102625628e+00 1.009033302721387138e+00 1.559285421406400030e-01
8.810621242484970583e-01 1.004486904247767542e+00 1.008993940805263723e+00 1.558827220842012307e-01
8.839679358717434932e-01 1.004467337838476526e+00 1.008954632784316185e+00 1.558369679949638265e-01
8.868737474949900390e-01 1.004447798697114980e+00 1.008915380307479959e+00 1.557912817784103399e-01
8.897795591182364738e-01 1.004428287698215572e+00 1.008876185128369407e+00 1.557456654613269542e-01
8.926853707414830197e-01 1.004408805763213675e+00 1.008837049094685190e+00 1.557001211794390994e-01
8.955911823647294545e-01 1.004389353790978712e+00 1.008797974008659892e+00 1.556546510149852680e-01
8.984969939879760004e-01 1.004369932660637899e+00 1.008758961632734374e+00 1.556092570033424383e-01
9.014028056112224352e-01 1.004350543232065629e+00 1.008720013690545425e+00 1.555639411341956935e-01
9.043086172344689810e-01 1.004331186346305582e+00 1.008681131867777525e+00 1.555187053525446950e-01
9.072144288577154159e-01 1.004311862825900459e+00 1.008642317812830314e+00 1.554735515595006001e-01
9.101202404809619617e-01 1.004292573475217276e+00 1.008603573137474729e+00 1.554284816130651059e-01
9.130260521042083965e-01 1.004273319080861038e+00 1.008564899417689009e+00 1.553834973291209065e-01
9.159318637274549424e-01 1.004254100411938522e+00 1.008526298194191817e+00 1.553386004820684063e-01
9.188376753507014882e-01 1.004234918220442641e+00 1.008487770973219178e+00 1.552937928057459283e-01
9.217434869739479231e-01 1.004215773241573961e+00 1.008449319227172403e+00 1.552490759941996812e-01
9.246492985971944689e-01 1.004196666194016485e+00 1.008410944395176978e+00 1.552044517023490333e-01
9.275551102204409037e-01 1.004177597780327558e+00 1.008372647883869266e+00 1.551599215469184334e-01
9.304609218436874496e-01 1.004158568687163466e+00 1.008334431067852810e+00 1.551154871069812258e-01
9.333667334669338844e-01 1.004139579585646036e+00 1.008296295290437961e+00 1.550711499248366432e-01
9.362725450901804303e-01 1.004120631131626196e+00 1.008258241864175231e+00 1.550269115066427172e-01
9.391783567134268651e-01 1.004101723965970416e+00 1.008220272071433943e+00 1.549827733231056437e-01
9.420841683366734109e-01 1.004082858714884452e+00 1.008182387165054594e+00 1.549387368102507212e-01
9.449899799599198458e-01 1.004064035990122505e+00 1.008144588368774075e+00 1.548948033699304727e-01
9.478957915831663916e-01 1.004045256389350937e+00 1.008106876877957525e+00 1.548509743706907027e-01
9.508016032064128265e-01 1.004026520496321462e+00 1.008069253859950276e+00 1.548072511481904667e-01
9.537074148296593723e-01 1.004007828881223086e+00 1.008031720454787283e+00 1.547636350060418997e-01
9.566132264529058071e-01 1.003989182100867739e+00 1.007994277775569270e+00 1.547201272162584962e-01
9.595190380761523530e-01 1.003970580698996029e+00 1.007956926909079343e+00 1.546767290199846101e-01
9.624248496993987878e-01 1.003952025206492404e+00 1.007919668916217537e+00 1.546334416280137070e-01
9.653306613226453337e-01 1.003933516141646054e+00 1.007882504832528614e+00 1.545902662214125867e-01
9.682364729458917685e-01 1.003915054010389829e+00 1.007845435668683898e+00 1.545472039520932039e-01
9.711422845691383143e-01 1.003896639306517624e+00 1.007808462410920258e+00 1.545042559433340845e-01
9.740480961923847492e-01 1.003878272511943948e+00 1.007771586021564802e+00 1.544614232904031048e-01
9.769539078156312950e-01 1.003859954096893992e+00 1.007734807439418123e+00 1.544187070610095747e-01
9.798597194388778409e-01 1.003841684520163202e+00 1.007698127580278769e+00 1.543761082959290154e-01
9.827655310621242757e-01 1.003823464229295803e+00 1.007661547337304286e+00 1.543336280094300128e-01
9.856713426853708215e-01 1.003805293660834819e+00 1.007625067581514822e+00 1.542912671898712396e-01
9.885771543086172564e-01 1.003787173240497488e+00 1.007588689162148610e+00 1.542490268001223408e-01
9.914829659318638022e-01 1.003769103383409522e+00 1.007552412907133821e+00 1.542069077781240416e-01
9.943887775551102370e-01 1.003751084494281853e+00 1.007516239623446941e+00 1.541649110373138343e-01
9.972945891783567829e-01 1.003733116967625572e+00 1.007480170097545091e+00 1.541230374671360426e-01
1.000200400801603218e+00 1.003715201187937334e+00 1.007444205095741507e+00 1.540812879334882979e-01
1.003106212424849764e+00 1.003697337529885658e+00 1.007408345364581237e+00 1.540396632791667664e-01
1.006012024048096087e+00 1.003679526358515428e+00 1.007372591631253922e+00 1.539981643243540921e-01
1.008917835671342633e+00 1.003661768029395107e+00 1.007336944603891338e+00 1.539567918669724200e-01
1.011823647294589179e+00 1.003644062888850330e+00 1.007301404972038572e+00 1.539155466832412278e-01
1.014729458917835725e+00 1.003626411274069374e+00 1.007265973406867410e+00 1.538744295279323715e-01
1.017635270541082049e+00 1.003608813513356957e+00 1.007230650561688146e+00 1.538334411349702169e-01
1.020541082164328595e+00 1.003591269926218832e+00 1.007195437072120558e+00 1.537925822176417212e-01
1.023446893787575140e+00 1.003573780823608264e+00 1.007160333556591736e+00 1.537518534691788563e-01
1.026352705410821686e+00 1.003556346508024166e+00 1.007125340616533471e+00 1.537112555629979727e-01
1.029258517034068010e+00 1.003538967273710503e+00 1.007090458836785496e+00 1.536707891531721437e-01
1.032164328657314556e+00 1.003521643406804165e+00 1.007055688785893022e+00 1.536304548747860488e-01
1.035070140280561102e+00 1.003504375185472641e+00 1.007021031016385848e+00 1.535902533442662643e-01
1.037975951903807648e+00 1.003487162880180028e+00 1.006986486065313047e+00 1.535501851600087064e-01
1.040881763527053971e+00 1.003470006753108601e+00 1.006952054453083889e+00 1.535102509010401184e-01
1.043787575150300517e+00 1.003452907042749143e+00 1.006917736652544137e+00 1.534704510911641950e-01
1.046693386773547063e+00 1.003435863891215973e+00 1.006883532943110948e+00 1.534307860298279036e-01
1.049599198396793609e+00 1.003418877525019681e+00 1.006849443773570441e+00 1.533912562128803003e-01
1.052505010020040155e+00 1.003401948171333435e+00 1.006815469594027235e+00 1.533518621376578905e-01
1.055410821643286701e+00 1.003385076048980640e+00 1.006781610837818697e+00 1.533126042820177615e-01
1.058316633266533024e+00 1.003368261367793446e+00 1.006747867920228634e+00 1.532734831028514377e-01
1.061222444889779570e+00 1.003351504328815924e+00 1.006714241238897856e+00 1.532344990365703541e-01
1.064128256513026116e+00 1.003334805124508122e+00 1.006680731174234733e+00 1.531956524995872204e-01
1.067034068136272662e+00 1.003318163938970997e+00 1.006647338089867949e+00 1.531569438888483181e-01
1.069939879759518986e+00 1.003301580948050109e+00 1.006614062332856774e+00 1.531183735820833003e-01
1.072845691382765532e+00 1.003285056319572099e+00 1.006580904234166907e+00 1.530799419383657156e-01
1.075751503006012078e+00 1.003268590213500344e+00 1.006547864108984447e+00 1.530416492984791321e-01
1.078657314629258623e+00 1.003252182782066626e+00 1.006514942256981238e+00 1.530034959852343002e-01
1.081563126252504947e+00 1.003235834169992735e+00 1.006482138962761175e+00 1.529654823039903189e-01
1.084468937875751493e+00 1.003219544514615702e+00 1.006449454496112894e+00 1.529276085429552290e-01
1.087374749498998039e+00 1.003203313946035236e+00 1.006416889112307311e+00 1.528898749735339291e-01
1.090280561122244585e+00 1.003187142587314895e+00 1.006384443052501743e+00 1.528522818508039616e-01
1.093186372745490909e+00 1.003171030554590448e+00 1.006352116543959063e+00 1.528148294137733343e-01
1.096092184368737454e+00 1.003154977957223526e+00 1.006319909800357681e+00 1.527775178857466165e-01
1.098997995991984000e+00 1.003138984897985253e+00 1.006287823022160355e+00 1.527403474747553169e-01
1.101903807615230546e+00 1.003123051473152616e+00 1.006255856396809145e+00 1.527033183737885602e-01
1.104809619238477092e+00 1.003107177772663894e+00 1.006224010099038724e+00 1.526664307611630966e-01
1.107715430861723416e+00 1.003091363880282749e+00 1.006192284291205885e+00 1.526296848009071339e-01
1.110621242484969962e+00 1.003075609873696372e+00 1.006160679123487833e+00 1.525930806429953435e-01
1.113527054108216507e+00 1.003059915824654924e+00 1.006129194734163734e+00 1.525566184236792355e-01
1.116432865731463053e+00 1.003044281799130300e+00 1.006097831249933128e+00 1.525202982658599715e-01
1.119338677354709377e+00 1.003028707857412938e+00 1.006066588786111327e+00 1.524841202793192907e-01
1.122244488977955923e+00 1.003013194054232171e+00 1.006035467446872778e+00 1.524480845610041435e-01
1.125150300601202469e+00 1.002997740438912100e+00 1.006004467325563256e+00 1.524121911953921216e-01
1.128056112224449015e+00 1.002982347055469292e+00 1.005973588504897931e+00 1.523764402547260755e-01
1.130961923847695338e+00 1.002967013942717811e+00 1.005942831057171860e+00 1.523408317992598071e-01
1.133867735470941884e+00 1.002951741134408437e+00 1.005912195044541324e+00 1.523053658775863906e-01
1.136773547094188430e+00 1.002936528659343463e+00 1.005881680519254084e+00 1.522700425269114533e-01
1.139679358717434976e+00 1.002921376541462184e+00 1.005851287523821469e+00 1.522348617732517673e-01
1.142585170340681300e+00 1.002906284799961467e+00 1.005821016091261511e+00 1.521998236317212705e-01
1.145490981963927846e+00 1.002891253449419873e+00 1.005790866245348525e+00 1.521649281068242487e-01
1.148396793587174392e+00 1.002876282499884919e+00 1.005760838000788970e+00 1.521301751926601165e-01
1.151302605210420937e+00 1.002861371956965453e+00 1.005730931363407077e+00 1.520955648731416032e-01
1.154208416833667261e+00 1.002846521821950665e+00 1.005701146330384210e+00 1.520610971222745023e-01
1.157114228456913807e+00 1.002831732091914008e+00 1.005671482890468482e+00 1.520267719044026411e-01
1.160020040080160353e+00 1.002817002759788689e+00 1.005641941024125963e+00 1.519925891743854063e-01
1.162925851703406899e+00 1.002802333814466262e+00 1.005612520703740298e+00 1.519585488778318338e-01
1.165831663326653223e+00 1.002787725240903871e+00 1.005583221893826540e+00 1.519246509513495769e-01
1.168737474949899768e+00 1.002773177020211737e+00 1.005554044551209003e+00 1.518908953227526559e-01
1.171643286573146314e+00 1.002758689129731984e+00 1.005524988625178473e+00 1.518572819112465333e-01
1.174549098196392860e+00 1.002744261543125681e+00 1.005496054057668509e+00 1.518238106276334765e-01
1.177454909819639406e+00 1.002729894230471208e+00 1.005467240783451954e+00 1.517904813745416803e-01
1.180360721442885730e+00 1.002715587158348853e+00 1.005438548730312354e+00 1.517572940466264675e-01
1.183266533066132276e+00 1.002701340289910981e+00 1.005409977819183842e+00 1.517242485307323530e-01
1.186172344689378821e+00 1.002687153584961743e+00 1.005381527964312571e+00 1.516913447060830866e-01
1.189078156312625367e+00 1.002673027000050343e+00 1.005353199073443671e+00 1.516585824444992014e-01
1.191983967935871691e+00 1.002658960488544748e+00 1.005324991047969130e+00 1.516259616105694596e-01
1.194889779559118237e+00 1.002644954000706523e+00 1.005296903783079010e+00 1.515934820618292656e-01
1.197795591182364783e+00 1.002631007483754999e+00 1.005268937167889565e+00 1.515611436489081587e-01
1.200701402805611329e+00 1.002617120881953428e+00 1.005241091085617544e+00 1.515289462157345113e-01
1.203607214428857652e+00 1.002603294136680034e+00 1.005213365413722082e+00 1.514968895997007570e-01
1.206513026052104198e+00 1.002589527186497964e+00 1.005185760024045472e+00 1.514649736318263717e-01
1.209418837675350744e+00 1.002575819967243431e+00 1.005158274782990580e+00 1.514331981369647362e-01
1.212324649298597290e+00 1.002562172411878283e+00 1.005130909551224860e+00 1.514015629334630186e-01
1.215230460921843614e+00 1.002548584449279190e+00 1.005103664181253409e+00 1.513700678303562253e-01
1.218136272545090160e+00 1.002535055959625110e+00 1.005076538427968735e+00 1.513387125239754327e-01
1.221042084168336705e+00 1.002521586843204249e+00 1.005049532086616404e+00 1.513074967574414564e-01
1.223947895791583251e+00 1.002508177021183222e+00 1.005022644994336023e+00 1.512764203224311876e-01
1.226853707414829575e+00 1.002494826410368800e+00 1.004995876979555502e+00 1.512454830006810247e-01
1.229759519038076121e+00 1.002481534924343887e+00 1.004969227864268566e+00 1.512146845666217376e-01
1.232665330661322667e+00 1.002468302473608075e+00 1.004942697464317414e+00 1.511840247877038745e-01
1.235571142284569213e+00 1.002455128965585640e+00 1.004916285589408931e+00 1.511535034244193831e-01
1.238476953907815759e+00 1.002442014304726792e+00 1.004889992043318081e+00 1.511231202305381160e-01
1.241382765531062082e+00 1.002428958392569847e+00 1.004863816624012474e+00 1.510928749532513271e-01
1.244288577154308628e+00 1.002415961127823607e+00 1.004837759123818453e+00 1.510627673333663212e-01
1.247194388777555174e+00 1.002403022406442190e+00 1.004811819329570310e+00 1.510327971054773732e-01
1.250100200400801720e+00 1.002390142121697636e+00 1.004785997022757282e+00 1.510029639981403382e-01
1.253006012024048044e+00 1.002377320164247188e+00 1.004760291979657660e+00 1.509732677340244467e-01
1.255911823647294590e+00 1.002364556422205455e+00 1.004734703971484677e+00 1.509437080300835288e-01
1.258817635270541135e+00 1.002351850781203924e+00 1.004709232764504856e+00 1.509142845976943481e-01
1.261723446893787681e+00 1.002339203124466005e+00 1.004683878120189444e+00 1.508849971428304071e-01
1.264629258517034005e+00 1.002326613332867211e+00 1.004658639795335207e+00 1.508558453662026955e-01
1.267535070140280551e+00 1.002314081285004210e+00 1.004633517542202092e+00 1.508268289634197290e-01
1.270440881763527097e+00 1.002301606857254779e+00 1.004608511108634916e+00 1.507979476251284645e-01
1.273346693386773643e+00 1.002289189923839086e+00 1.004583620238185482e+00 1.507692010371553260e-01
1.276252505010019966e+00 1.002276830356878978e+00 1.004558844670232043e+00 1.507405888806457317e-01
1.279158316633266512e+00 1.002264528026456381e+00 1.004534184140095432e+00 1.507121108321969050e-01
1.282064128256513058e+00 1.002252282800670802e+00 1.004509638379155856e+00 1.506837665639955137e-01
1.284969939879759604e+00 1.002240094545699289e+00 1.004485207114972356e+00 1.506555557439531456e-01
1.287875751503005928e+00 1.002227963125849719e+00 1.004460890071389612e+00 1.506274780358316245e-01
1.290781563126252474e+00 1.002215888403616972e+00 1.004436686968651182e+00 1.505995330993745440e-01
1.293687374749499019e+00 1.002203870239734451e+00 1.004412597523502537e+00 1.505717205904241740e-01
1.296593186372745565e+00 1.002191908493227812e+00 1.004388621449298302e+00 1.505440401610476653e-01
1.299498997995992111e+00 1.002180003021464705e+00 1.004364758456103068e+00 1.505164914596528458e-01
1.302404809619238435e+00 1.002168153680204954e+00 1.004341008250790868e+00 1.504890741311022684e-01
1.305310621242484981e+00 1.002156360323650075e+00 1.004317370537145537e+00 1.504617878168304501e-01
1.308216432865731527e+00 1.002144622804492347e+00 1.004293845015958198e+00 1.504346321549553112e-01
1.311122244488978072e+00 1.002132940973963215e+00 1.004270431385124951e+00 1.504076067803924444e-01
1.314028056112224396e+00 1.002121314681877706e+00 1.004247129339735034e+00 1.503807113249545357e-01
1.316933867735470942e+00 1.002109743776679718e+00 1.004223938572162744e+00 1.503539454174595003e-01
1.319839679358717488e+00 1.002098228105489541e+00 1.004200858772161808e+00 1.503273086838385897e-01
1.322745490981964034e+00 1.002086767514144716e+00 1.004177889626947540e+00 1.503008007472305396e-01
1.325651302605210358e+00 1.002075361847242441e+00 1.004155030821281880e+00 1.502744212280804903e-01
1.328557114228456904e+00 1.002064010948183537e+00 1.004132282037561330e+00 1.502481697442401287e-01
1.331462925851703449e+00 1.002052714659212196e+00 1.004109642955896442e+00 1.502220459110605866e-01
1.334368737474949995e+00 1.002041472821456392e+00 1.004087113254193531e+00 1.501960493414854492e-01
1.337274549098196319e+00 1.002030285274967181e+00 1.004064692608232168e+00 1.501701796461407667e-01
1.340180360721442865e+00 1.002019151858758450e+00 1.004042380691745562e+00 1.501444364334258985e-01
1.343086172344689411e+00 1.002008072410844219e+00 1.004020177176495610e+00 1.501188193096023304e-01
1.345991983967935957e+00 1.001997046768275501e+00 1.003998081732345726e+00 1.500933278788744996e-01
1.348897795591182280e+00 1.001986074767175605e+00 1.003976094027332122e+00 1.500679617434748647e-01
1.351803607214428826e+00 1.001975156242779441e+00 1.003954213727742184e+00 1.500427205037513367e-01
1.354709418837675372e+00 1.001964291029463716e+00 1.003932440498175760e+00 1.500176037582379718e-01
1.357615230460921918e+00 1.001953478960785127e+00 1.003910774001620432e+00 1.499926111037433452e-01
1.360521042084168464e+00 1.001942719869511000e+00 1.003889213899513466e+00 1.499677421354189688e-01
1.363426853707414788e+00 1.001932013587653936e+00 1.003867759851810648e+00 1.499429964468404208e-01
1.366332665330661333e+00 1.001921359946501777e+00 1.003846411517047565e+00 1.499183736300760961e-01
1.369238476953907879e+00 1.001910758776652033e+00 1.003825168552406666e+00 1.498938732757647274e-01
1.372144288577154425e+00 1.001900209908040962e+00 1.003804030613776543e+00 1.498694949731839976e-01
1.375050100200400749e+00 1.001889713169973550e+00 1.003782997355811890e+00 1.498452383103170138e-01
1.377955911823647295e+00 1.001879268391153488e+00 1.003762068431993004e+00 1.498211028739225847e-01
1.380861723446893841e+00 1.001868875399712477e+00 1.003741243494684632e+00 1.497970882496020284e-01
1.383767535070140386e+00 1.001858534023237990e+00 1.003720522195191478e+00 1.497731940218620661e-01
1.386673346693386710e+00 1.001848244088802575e+00 1.003699904183817049e+00 1.497494197741821575e-01
1.389579158316633256e+00 1.001838005422986067e+00 1.003679389109906950e+00 1.497257650890651270e-01
1.392484969939879802e+00 1.001827817851920654e+00 1.003658976621941035e+00 1.497022295481404974e-01
1.395390781563126348e+00 1.001817681201238264e+00 1.003638666367425936e+00 1.496788127320420880e-01
1.398296593186372672e+00 1.001807595296437370e+00 1.003618457993630475e+00 1.496555142212551148e-01
1.401202404809619217e+00 1.001797559961297823e+00 1.003598351144410206e+00 1.496323335924527875e-01
1.404108216432865763e+00 1.001787575007080378e+00 1.003578345438566721e+00 1.496092703935513746e-01
1.407014028056112309e+00 1.001777640241100276e+00 1.003558440487027248e+00 1.495863241635163043e-01
1.409919839679358633e+00 1.001767755485891476e+00 1.003538635931240819e+00 1.495634944766244534e-01
1.412825651302605179e+00 1.001757920563198123e+00 1.003518931411102821e+00 1.495407809054838943e-01
1.415731462925851725e+00 1.001748135294516784e+00 1.003499326566041461e+00 1.495181830222858943e-01
1.418637274549098271e+00 1.001738399500728072e+00 1.003479821034280350e+00 1.494957003979545118e-01
1.421543086172344816e+00 1.001728713002235205e+00 1.003460414453114513e+00 1.494733326024633435e-01
1.424448897795591140e+00 1.001719075618957122e+00 1.003441106458897947e+00 1.494510792048211745e-01
1.427354709418837686e+00 1.001709487170364010e+00 1.003421896687113568e+00 1.494289397731525249e-01
1.430260521042084232e+00 1.001699947475503061e+00 1.003402784772425616e+00 1.494069138747562697e-01
1.433166332665330778e+00 1.001690456353018677e+00 1.003383770348718729e+00 1.493850010761511027e-01
1.436072144288577102e+00 1.001681013621181338e+00 1.003364853049157235e+00 1.493632009431426211e-01
1.438977955911823647e+00 1.001671619097911137e+00 1.003346032506230667e+00 1.493415130408757285e-01
1.441883767535070193e+00 1.001662272600798209e+00 1.003327308351795732e+00 1.493199369338818472e-01
1.444789579158316739e+00 1.001652973947128267e+00 1.003308680217126492e+00 1.492984721861355668e-01
1.447695390781563063e+00 1.001643722953904581e+00 1.003290147732958326e+00 1.492771183611073527e-01
1.450601202404809609e+00 1.001634519437871074e+00 1.003271710529535010e+00 1.492558750218128394e-01
1.453507014028056155e+00 1.001625363215529863e+00 1.003253368236642018e+00 1.492347417308544644e-01
1.456412825651302700e+00 1.001616254103167236e+00 1.003235120483660481e+00 1.492137180504807537e-01
1.459318637274549024e+00 1.001607191916871420e+00 1.003216966899600493e+00 1.491928035426247634e-01
1.462224448897795570e+00 1.001598176472555446e+00 1.003198907113148408e+00 1.491719977689582033e-01
1.465130260521042116e+00 1.001589207585972252e+00 1.003180940752695927e+00 1.491513002909231611e-01
1.468036072144288662e+00 1.001580285072739329e+00 1.003163067446389833e+00 1.491307106697899731e-01
1.470941883767534986e+00 1.001571408748354486e+00 1.003145286822163307e+00 1.491102284666918076e-01
1.473847695390781531e+00 1.001562578428214945e+00 1.003127598507774110e+00 1.490898532426676304e-01
1.476753507014028077e+00 1.001553793927636660e+00 1.003110002130842782e+00 1.490695845587075019e-01
1.479659318637274623e+00 1.001545055061870526e+00 1.003092497318885279e+00 1.490494219757869665e-01
1.482565130260521169e+00 1.001536361646121920e+00 1.003075083699351611e+00 1.490293650549116000e-01
1.485470941883767493e+00 1.001527713495564686e+00 1.003057760899653816e+00 1.490094133571503443e-01
1.488376753507014039e+00 1.001519110425360903e+00 1.003040528547206156e+00 1.489895664436778622e-01
1.491282565130260584e+00 1.001510552250675312e+00 1.003023386269452644e+00 1.489698238758087323e-01
1.494188376753507130e+00 1.001502038786691751e+00 1.003006333693900132e+00 1.489501852150321159e-01
1.497094188376753454e+00 1.001493569848628917e+00 1.002989370448150508e+00 1.489306500230502539e-01
1.500000000000000000e+00 1.001485145251756137e+00 1.002972496159931115e+00 1.489112178618113291e-01
